,INST,EN_TIME,EN_ID,EN_TT,EN_Q,EN_PRICE,EN_CODE,EN_VAR,EX_TIME,EX_ID,EX_TT,EX_Q,EX_PRICE,EX_CODE,EX_VAR,P&L,ROI,P&L %,ROI %,Equity Curve,Drawdown %
0,NSE_EQ:SBIN,2023-01-02 09:45:00+05:30,506bc17aa3e04e67bb82055c72a2a2fa,BUY,5,617.35,DELIVERY_T0,MARKET,2023-01-02 12:45:00+05:30,b786226218cd4e258bc40a91099f3497,SELL,5.0,613.65,DELIVERY_T0,MARKET,-18.5,-18.5,-0.6,-0.04,49981.5,-0.04
1,NSE_EQ:SBIN,2023-01-03 09:30:00+05:30,7ddfa7452bc0416db2491123c27ec0bb,BUY,5,614.1,DELIVERY_T0,MARKET,2023-01-03 12:15:00+05:30,591518eacc5b469482266ceabe77adae,SELL,5.0,611.55,DELIVERY_T0,MARKET,-12.75,-31.25,-0.42,-0.06,49968.75,-0.06
2,NSE_EQ:SBIN,2023-01-05 09:30:00+05:30,399f6f05fd6b48d0801f28fde155d3c6,BUY,5,608.85,DELIVERY_T0,MARKET,2023-01-05 12:30:00+05:30,610301ced18f4c5eb0b1e1df656898cb,SELL,5.0,606.75,DELIVERY_T0,MARKET,-10.5,-41.75,-0.34,-0.08,49958.25,-0.08
3,NSE_EQ:SBIN,2023-01-06 09:30:00+05:30,b669d2e6e7a04e2e8f8e7f4bd4e66c9b,BUY,5,604.9,DELIVERY_T0,MARKET,2023-01-06 10:45:00+05:30,9c9dd34e03914e248efdf14c9f1a66d2,SELL,5.0,603.6,DELIVERY_T0,MARKET,-6.5,-48.25,-0.21,-0.1,49951.75,-0.1
4,NSE_EQ:SBIN,2023-01-09 09:30:00+05:30,f0ce51669bb74f9eaa155e8bfe664210,BUY,5,602.75,DELIVERY_T0,MARKET,2023-01-09 14:00:00+05:30,54c65fcf0dd84d3383b277be6d24eecf,SELL,5.0,606.35,DELIVERY_T0,MARKET,18.0,-30.25,0.6,-0.06,49969.75,-0.06
5,NSE_EQ:SBIN,2023-01-12 09:15:00+05:30,fb08419b594343c8b28e15756d7b11e6,BUY,5,597.9,DELIVERY_T0,MARKET,2023-01-12 09:30:00+05:30,e626235759d2432599f4c89ab9924224,SELL,5.0,595.15,DELIVERY_T0,MARKET,-13.75,-44.0,-0.46,-0.09,49956.0,-0.09
6,NSE_EQ:SBIN,2023-01-18 09:30:00+05:30,33c7327469ae4b928b322a6dad1374a4,BUY,5,589.5,DELIVERY_T0,MARKET,2023-01-18 10:45:00+05:30,ffaf16db202745ada4e96382165f5e36,SELL,5.0,590.4,DELIVERY_T0,MARKET,4.5,-39.5,0.15,-0.08,49960.5,-0.08
7,NSE_EQ:SBIN,2023-01-20 09:15:00+05:30,79605f289c6c42aaa96bba53264a472d,BUY,5,593.8,DELIVERY_T0,MARKET,2023-01-20 12:45:00+05:30,5d1f88884ab54088b6d9fe4c448683cf,SELL,5.0,594.75,DELIVERY_T0,MARKET,4.75,-34.75,0.16,-0.07,49965.25,-0.07
8,NSE_EQ:SBIN,2023-01-23 09:30:00+05:30,693f89d80c004c46ad4a83571478013d,BUY,5,597.7,DELIVERY_T0,MARKET,2023-01-23 14:45:00+05:30,0c05fbd40d0b4d8da922d6a05a78114f,SELL,5.0,599.0,DELIVERY_T0,MARKET,6.5,-28.25,0.22,-0.06,49971.75,-0.06
9,NSE_EQ:SBIN,2023-01-24 09:30:00+05:30,a4125f7812b2456685a8d56479ff72bc,BUY,5,603.2,DELIVERY_T0,MARKET,2023-01-24 12:00:00+05:30,0ee31ca893574efe8b938e5f5f63c3af,SELL,5.0,598.0,DELIVERY_T0,MARKET,-26.0,-54.25,-0.86,-0.11,49945.75,-0.11
10,NSE_EQ:SBIN,2023-01-25 14:45:00+05:30,e443f58219304f058224c63583e373d8,BUY,5,571.8,DELIVERY_T0,MARKET,2023-01-25 15:15:00+05:30,dd132bc994784bfc889074701c83f42d,SELL,5.0,569.0,DELIVERY_T0,MARKET,-14.0,-68.25,-0.49,-0.14,49931.75,-0.14
11,NSE_EQ:SBIN,2023-01-30 09:15:00+05:30,f32afd89394b43eab85370e48882863f,BUY,5,536.0,DELIVERY_T0,MARKET,2023-01-30 11:00:00+05:30,711225aa345d4ce98bce89f9a868329c,SELL,5.0,533.85,DELIVERY_T0,MARKET,-10.75,-79.0,-0.4,-0.16,49921.0,-0.16
12,NSE_EQ:SBIN,2023-02-01 09:30:00+05:30,838e8e26e9c643e983d471c512919128,BUY,5,556.7,DELIVERY_T0,MARKET,2023-02-01 12:15:00+05:30,deea1403f7eb466199a18be38e97ae51,SELL,5.0,551.8,DELIVERY_T0,MARKET,-24.5,-103.5,-0.88,-0.21,49896.5,-0.21
13,NSE_EQ:SBIN,2023-02-02 11:45:00+05:30,16139ee7568446de85ac7d533b0150aa,BUY,5,522.0,DELIVERY_T0,MARKET,2023-02-02 13:00:00+05:30,aab9c506944c4c458df44287cb9e8715,SELL,5.0,524.0,DELIVERY_T0,MARKET,10.0,-93.5,0.38,-0.19,49906.5,-0.19
14,NSE_EQ:SBIN,2023-02-08 09:30:00+05:30,26aeb00a14864c9bbf33430b86fddf01,BUY,5,551.15,DELIVERY_T0,MARKET,2023-02-08 11:45:00+05:30,c92e3d49bcb14ca793350fc4ab55d376,SELL,5.0,549.8,DELIVERY_T0,MARKET,-6.75,-100.25,-0.24,-0.2,49899.75,-0.2
15,NSE_EQ:SBIN,2023-02-14 09:15:00+05:30,8e08aba1fbf54e4eb34599ba3cdee363,BUY,5,536.9,DELIVERY_T1,LIMIT,2023-02-14 09:45:00+05:30,02748a0b448b432388532d0f41b43589,SELL,5.0,532.6,DELIVERY_T0,MARKET,-21.5,-121.75,-0.8,-0.24,49878.25,-0.24
16,NSE_EQ:SBIN,2023-02-20 09:30:00+05:30,f1c5f041afdc42e0a913e45b00c48ba3,BUY,5,531.9,DELIVERY_T0,MARKET,2023-02-20 11:00:00+05:30,8325421e341541819c396e9db16259a8,SELL,5.0,529.3,DELIVERY_T0,MARKET,-13.0,-134.75,-0.49,-0.27,49865.25,-0.27
17,NSE_EQ:SBIN,2023-02-21 10:30:00+05:30,98d326e6e12040a2bd6ac9cbe55f6f86,BUY,5,527.9,DELIVERY_T0,MARKET,2023-02-21 13:15:00+05:30,bde9905343bd44dd846f94242b217cf7,SELL,5.0,525.2,DELIVERY_T0,MARKET,-13.5,-148.25,-0.51,-0.3,49851.75,-0.3
18,NSE_EQ:SBIN,2023-02-23 09:15:00+05:30,0f688daa6d9f4a3089fe6afe48d41f14,BUY,5,516.15,DELIVERY_T1,LIMIT,2023-02-23 10:00:00+05:30,ae5894b85a684b5cb7758edceaa80731,SELL,5.0,516.8,DELIVERY_T0,MARKET,3.25,-145.0,0.13,-0.29,49855.0,-0.29
19,NSE_EQ:SBIN,2023-02-28 09:15:00+05:30,57e9b4e3992f477bbd770a04d03bd98f,BUY,5,524.75,DELIVERY_T1,LIMIT,2023-02-28 09:30:00+05:30,6a51670c96b64724bfb4454d7bcd2a0f,SELL,5.0,523.6,DELIVERY_T0,MARKET,-5.75,-150.75,-0.22,-0.3,49849.25,-0.3
20,NSE_EQ:SBIN,2023-03-02 09:15:00+05:30,145cdf7f9da146f28d688df5c1d64b61,BUY,5,527.3,DELIVERY_T1,LIMIT,2023-03-02 13:00:00+05:30,5c31fe7431854d8b91d8578a33266b84,SELL,5.0,535.85,DELIVERY_T0,MARKET,42.75,-108.0,1.62,-0.22,49892.0,-0.22
21,NSE_EQ:SBIN,2023-03-03 09:30:00+05:30,f39a89fef198401ca017bcebea94c8dc,BUY,5,552.0,DELIVERY_T0,MARKET,2023-03-03 15:00:00+05:30,1249a73db67e49adb06832bda18a04a3,SELL,5.0,562.5,DELIVERY_T0,MARKET,52.5,-55.5,1.9,-0.11,49944.5,-0.11
22,NSE_EQ:SBIN,2023-03-06 09:15:00+05:30,0ddf8f9c8a644e86bb1908753170f854,BUY,5,564.9,DELIVERY_T0,MARKET,2023-03-06 12:30:00+05:30,87c6929265154dd293b359781548cf69,SELL,5.0,560.25,DELIVERY_T0,MARKET,-23.25,-78.75,-0.82,-0.16,49921.25,-0.16
23,NSE_EQ:SBIN,2023-03-08 12:30:00+05:30,d7b13c2336b345678d3aaf063aaf5495,BUY,5,560.25,DELIVERY_T0,MARKET,2023-03-08 13:00:00+05:30,4739d6feff2b4ebd853c654823b9695c,SELL,5.0,560.35,DELIVERY_T0,MARKET,0.5,-78.25,0.02,-0.16,49921.75,-0.16
24,NSE_EQ:SBIN,2023-03-13 09:30:00+05:30,43bd478c9bbe497c90f5983e97136e50,BUY,5,550.15,DELIVERY_T0,MARKET,2023-03-13 11:15:00+05:30,d528ddffcd8342bf9918fef35aab579a,SELL,5.0,544.1,DELIVERY_T0,MARKET,-30.25,-108.5,-1.1,-0.22,49891.5,-0.22
25,NSE_EQ:SBIN,2023-03-14 13:30:00+05:30,ef625b3360a14660a7421b336502972a,BUY,5,524.35,DELIVERY_T0,MARKET,2023-03-14 14:30:00+05:30,ad25e58304e2428e9cf7e1b9163df7b1,SELL,5.0,523.6,DELIVERY_T0,MARKET,-3.75,-112.25,-0.14,-0.22,49887.75,-0.22
26,NSE_EQ:SBIN,2023-03-15 09:30:00+05:30,555bc24f5b494496ac0d719f777babc3,BUY,5,529.3,DELIVERY_T0,MARKET,2023-03-15 12:30:00+05:30,74094d7fb76d46d5920a1d4be8ca9a30,SELL,5.0,526.9,DELIVERY_T0,MARKET,-12.0,-124.25,-0.45,-0.25,49875.75,-0.25
27,NSE_EQ:SBIN,2023-03-16 11:45:00+05:30,14381c425df84bd6aa15947da75c7de3,BUY,5,521.6,DELIVERY_T0,MARKET,2023-03-16 13:45:00+05:30,b0dc56de40a64d628ddc2d6aaa0f0ec3,SELL,5.0,520.4,DELIVERY_T0,MARKET,-6.0,-130.25,-0.23,-0.26,49869.75,-0.26
28,NSE_EQ:SBIN,2023-03-23 12:30:00+05:30,7ae10743b3514eb59ab25211a79b86a2,BUY,5,517.7,DELIVERY_T0,MARKET,2023-03-23 13:00:00+05:30,4df720e1467a4c7da18583aa9650c428,SELL,5.0,518.9,DELIVERY_T0,MARKET,6.0,-124.25,0.23,-0.25,49875.75,-0.25
29,NSE_EQ:SBIN,2023-03-24 12:45:00+05:30,9a06a341d0b84fdc80ec1c67495afe81,BUY,5,512.45,DELIVERY_T0,MARKET,2023-03-24 14:15:00+05:30,7f95f68b8c774332b7c403b5a3966529,SELL,5.0,510.65,DELIVERY_T0,MARKET,-9.0,-133.25,-0.35,-0.27,49866.75,-0.27
30,NSE_EQ:SBIN,2023-03-28 09:15:00+05:30,88d319b73d94436ea568fb98de656e68,BUY,5,506.9,DELIVERY_T1,LIMIT,2023-03-28 09:30:00+05:30,59c180ddc5b6471da16a11c22e337596,SELL,5.0,510.25,DELIVERY_T0,MARKET,16.75,-116.5,0.66,-0.23,49883.5,-0.23
31,NSE_EQ:SBIN,2023-02-13 14:30:00+05:30,ba0d20d7269c4630ac12ae5916f30e3d,BUY,5,536.9,DELIVERY_T0,MARKET,,,,,,,,,,,,,
32,NSE_EQ:SBIN,2023-02-22 14:45:00+05:30,eac23c93b7184da793e8ec7cfc3c099b,BUY,5,516.15,DELIVERY_T0,MARKET,,,,,,,,,,,,,
33,NSE_EQ:SBIN,2023-02-27 09:30:00+05:30,77c926ec3e6745d7a4c9e958e1803f4d,BUY,5,524.75,DELIVERY_T0,MARKET,,,,,,,,,,,,,
34,NSE_EQ:SBIN,2023-03-01 09:30:00+05:30,52361b1708f54ce9bd3ed6f20d191c4e,BUY,5,527.3,DELIVERY_T0,MARKET,,,,,,,,,,,,,
35,NSE_EQ:SBIN,2023-03-27 11:30:00+05:30,79e9d958464e4d34b1a16eb49bec713f,BUY,5,506.9,DELIVERY_T0,MARKET,,,,,,,,,,,,,
